2021-02-25 16:05:38 ERROR susman.cs.ncat.edu.ais.AIS    C:\Users\James\Documents\GitHub\Panda\build\libs\src\main\java\susman\cs\ncat\edu\ais\detectors does not exist
2021-02-25 16:18:18 ERROR susman.cs.ncat.edu.ais.AIS    C:\Users\James\Documents\GitHub\Panda\build\libs\detectors does not exist
2021-02-25 16:18:43 INFO  susman.cs.ncat.edu.jnetpcap.worker.TrafficFlowWorker    Pcap is listening...
2021-02-25 16:21:08 INFO  susman.cs.ncat.edu.dataset.Normalizer    0.9924707,0.6473988,0.0,0.21460858,0.0,0.034989502,0.15873016,0.0949307,0.0,0.0,0.0,0.0,0.0,4.9937444E-7,3.1627047E-7,0.016343549,0.00445646,0.018651027,0.012933033,0.9924791,0.011200769,0.00448925,0.018651027,0.0088634305,0.0,0.0,0.0,0.0,0.0,0.0,0.0,0.0,0.0,0.25887743,0.0,3.1627047E-7,0.0,0.16556291,0.034246575,0.04007589,0.0,0.0,0.0,0.0,0.0,0.0,0.0,0.0,0.0,0.0,0.0,0.04035483,0.0949307,0.0,0.0,0.0,0.0,0.0,0.0,0.0,0.0,0.001899191,0.0,0.0,1.5258789E-5,1.5258789E-5,2.6046512,0.2,0.0,0.0,0.0,0.0,1.6276481E7,0.0,1.6276481E7,1.6276481E7,
2021-02-25 16:21:08 INFO  susman.cs.ncat.edu.dataset.Normalizer    0.9839138,0.34104046,0.0,0.0,0.0,0.0,0.0,0.0,0.0,0.0,0.0,0.0,0.0,0.0,1.693917E-7,0.030757552,0.010438439,0.03839451,7.531161E-7,0.9839221,0.021079157,0.010515244,0.03839451,5.161351E-7,0.0,0.0,0.0,0.0,0.0,0.0,0.0,0.0,0.0,0.0,0.0,1.693917E-7,0.0,0.0,0.0,0.0,0.0,0.0,0.0,0.0,0.0,0.0,0.0,0.0,0.0,0.0,0.0,0.0,0.0,0.0,0.0,0.0,0.0,0.0,0.0,0.0,0.0,0.0,0.0,0.0,1.5258789E-5,1.5258789E-5,0.0,0.0,0.0,0.0,0.0,0.0,1.6276481E7,0.0,1.6276481E7,1.6276481E7,
2021-02-25 16:21:08 INFO  susman.cs.ncat.edu.dataset.Normalizer    0.9791516,0.07514451,0.009633912,0.044668972,2.4977105E-4,0.058782365,0.26666668,0.15948357,0.0,0.024657534,0.11803278,0.025765467,0.0,1.2148014E-7,5.3901587E-8,0.10032846,0.070500225,0.082391076,0.0063854717,0.9791599,0.0952039,3.1074375E-4,0.082400404,0.09480681,0.9037426,0.285559,0.004380282,0.2880779,0.28357452,0.0,0.0,0.0,0.0,0.03207331,0.0038491148,3.971696E-8,2.1276941E-8,0.119205296,0.057534248,0.05770928,0.029533762,8.72243E-4,0.0,0.0,0.0,0.0,0.0,0.0,0.0,0.0,0.0,0.06063285,0.15948357,0.025765467,0.0,0.0,0.0,0.0,0.0,0.0,-0.0057803467,0.002317013,0.0,1.2488552E-5,1.5258789E-5,1.5258789E-5,0.30232558,0.2,0.006856949,0.020269899,0.009308519,0.0059149195,1162606.0,1.1528927E7,1.6276481E7,0.084601335,
2021-02-25 16:21:08 INFO  susman.cs.ncat.edu.dataset.Normalizer    0.74891394,0.011560693,0.007707129,0.0014054013,4.3016124E-5,0.024492653,0.0031746032,0.023416238,0.03407995,0.021232877,0.0,0.0055467323,0.019954873,7.964757E-9,2.5963544E-8,0.2302117,0.4222656,0.40974933,1.0097904E-5,0.74846417,0.47302657,0.0038644983,0.4102573,0.47146046,0.74852014,0.31535035,0.622632,0.47446734,5.834384E-4,0.0,0.0,0.0,0.0,0.01718213,0.010007698,1.1127233E-8,2.2254467E-8,0.0,0.023972603,0.006913091,0.02089858,4.3675068E-4,0.0,0.0,0.0,2.0,7.0,0.0,0.0,0.0,0.125,0.00788588,0.023416238,0.0055467323,0.0,0.0,0.0,0.0,0.0,0.0,-0.0057803467,1.899191E-4,0.0,5.5504674E-6,0.0077667236,0.007659912,0.046511628,0.5,7.065093E-4,0.0017731888,7.942739E-4,6.1874464E-4,5425494.5,2.490533E7,1.6276481E7,0.45084703,
2021-02-25 16:21:08 INFO  susman.cs.ncat.edu.dataset.Normalizer    0.75059867,0.03468208,0.007707129,0.006685152,7.2849885E-4,0.030790763,0.0,0.047736578,0.040831875,0.11986301,0.0,0.0939366,0.11264848,8.1922984E-8,4.0708283E-8,0.13843775,0.34392428,0.40853995,4.8506827E-5,0.750605,0.15812652,0.42369485,0.40853995,4.7259015E-4,0.74799746,0.3151301,0.62285894,0.473388,2.4352329E-4,1.0,0.0,0.0,0.0,0.040091638,0.008852964,2.590527E-8,2.220452E-8,0.0,0.11986301,0.049760897,0.0982011,0.009643457,0.0,0.0,0.0,7.0,11.0,0.0,0.0,0.0,0.0,0.054182954,0.047736578,0.0939366,0.0,0.0,0.0,0.0,0.0,0.0,-0.0057803467,6.077411E-4,0.0,6.5217995E-5,0.007888794,0.10621643,0.069767445,0.5,0.0032163546,0.027530951,0.0045790095,0.0018536997,5425494.5,2.490533E7,1.6276481E7,0.45048848,
2021-02-25 16:21:50 INFO  susman.cs.ncat.edu.dataset.Normalizer    0.75125664,0.028901733,0.0057803467,0.005013864,7.2849885E-4,0.030790763,0.0,0.04176951,0.041840218,0.11986301,0.57377046,0.1252488,0.0,7.671364E-8,3.3277605E-8,0.17319888,0.37904295,0.4091009,4.75247E-4,0.751263,0.18991816,0.4512983,0.4091009,7.6081476E-4,0.75064236,0.47436664,0.0011110301,0.47471058,0.47402266,1.0,0.0,0.0,0.0,0.03436426,0.005773672,2.218507E-8,1.6638802E-8,0.0,0.11986301,0.056186397,0.103722356,0.010758326,0.0,0.0,0.0,6.0,9.0,0.0,0.0,0.0,0.0,0.062312417,0.04176951,0.1252488,0.0,0.0,0.0,0.0,0.0,0.0,-0.0057803467,5.317735E-4,0.0,8.048178E-5,0.007827759,0.107559204,0.046511628,0.5,0.0011087218,0.0016241885,0.0011891116,0.0010283319,5425494.5,2.490533E7,1.6276481E7,0.45300618,
2021-02-25 16:26:24 DEBUG cic.cs.unb.ca.jnetpcap.FlowGenerator    FlagFIN current has 248 flow
2021-02-25 16:26:45 INFO  susman.cs.ncat.edu.dataset.Normalizer    0.75071687,0.028901733,0.0057803467,0.005013864,7.2849885E-4,0.030790763,0.0,0.04176951,0.041840218,0.11986301,0.57377046,0.1252488,0.0,7.67688E-8,3.3301532E-8,0.17307442,0.3790529,0.40925112,3.766349E-4,0.7507232,0.1897817,0.45139468,0.40925112,6.885558E-4,0.7502447,0.4741153,9.417761E-4,0.47440684,0.47382373,1.0,0.0,0.0,0.0,0.03436426,0.005773672,2.2201021E-8,1.6650766E-8,0.0,0.11986301,0.056186397,0.103722356,0.010758326,0.0,0.0,0.0,6.0,9.0,0.0,0.0,0.0,0.0,0.062312417,0.04176951,0.1252488,0.0,0.0,0.0,0.0,0.0,0.0,-0.0057803467,5.317735E-4,0.0,8.048178E-5,0.007873535,0.1028595,0.046511628,0.5,0.0011243399,0.003912981,0.0013180143,9.306654E-4,5425494.5,2.490533E7,1.6276483E7,0.4526945,
2021-02-25 16:26:45 INFO  susman.cs.ncat.edu.dataset.Normalizer    0.91817737,0.25433525,0.0,0.5463972,0.0,0.25612316,0.7936508,0.6069236,0.06360105,0.0,0.0,0.0,0.0,1.3742912E-6,1.3613938E-7,0.038487583,0.21063352,0.50726193,0.0,0.9181852,0.0263768,0.21218331,0.50726193,0.0,0.0,0.0,0.0,0.0,0.0,0.0,0.0,0.0,0.0,0.10309278,0.0,1.3613938E-7,0.0,0.8278146,0.25068492,0.25688645,0.05077679,0.0025782823,0.0,0.0,0.0,0.0,0.0,0.0,0.0,0.0,0.0,0.2621033,0.6069236,0.0,0.0,0.0,0.0,0.0,0.0,0.0,0.0,0.012116838,0.0,0.0,1.5258789E-5,1.5258789E-5,1.0232558,0.2,0.0034733699,0.04131649,0.005518345,0.0014283947,5425494.5,2.490533E7,1.6276483E7,0.5432988,
2021-02-25 16:26:45 INFO  susman.cs.ncat.edu.dataset.Normalizer    0.99159306,0.6589595,0.0,0.21840696,0.0,0.034989502,0.15873016,0.0949307,0.0,0.0,0.0,0.0,0.0,5.086627E-7,3.2215306E-7,0.016042622,0.0038672166,0.018650334,0.014026234,0.99160147,0.010994533,0.0038956709,0.018650334,0.009612637,0.0,0.0,0.0,0.0,0.0,0.0,0.0,0.0,0.0,0.26345932,0.0,3.2215306E-7,0.0,0.16556291,0.034246575,0.04007589,0.0,0.0,0.0,0.0,0.0,0.0,0.0,0.0,0.0,0.0,0.0,0.040348675,0.0949307,0.0,0.0,0.0,0.0,0.0,0.0,0.0,0.0,0.001899191,0.0,0.0,1.5258789E-5,1.5258789E-5,2.6511629,0.2,0.0,0.0,0.0,0.0,1.6276483E7,0.0,1.6276483E7,1.6276483E7,
2021-02-25 16:26:45 INFO  susman.cs.ncat.edu.dataset.Normalizer    0.9897933,0.38728324,0.0,0.0,0.0,0.0,0.0,0.0,0.0,0.0,0.0,0.0,0.0,0.0,1.9083687E-7,0.027246859,0.012869352,0.03638444,0.0,0.9898017,0.018673163,0.012964042,0.03638444,0.0,0.0,0.0,0.0,0.0,0.0,0.0,0.0,0.0,0.0,0.0,0.0,1.9083687E-7,0.0,0.0,0.0,0.0,0.0,0.0,0.0,0.0,0.0,0.0,0.0,0.0,0.0,0.0,0.0,0.0,0.0,0.0,0.0,0.0,0.0,0.0,0.0,0.0,0.0,0.0,0.0,0.0,1.5258789E-5,1.5258789E-5,0.0,0.0,0.0,0.0,0.0,0.0,1.6276483E7,0.0,1.6276483E7,1.6276483E7,
2021-02-25 16:26:45 INFO  susman.cs.ncat.edu.dataset.Normalizer    0.9834513,0.08092485,0.011560693,0.04603639,4.1073462E-4,0.058782365,0.114285715,0.15340802,0.02151673,0.07945205,0.11803278,0.03530823,0.04204667,1.3450672E-7,5.9314967E-8,0.09069213,0.07304266,0.08236877,0.00386533,0.9793495,0.08842075,0.035826538,0.08236877,0.019349368,0.9034002,0.22836062,0.18736637,0.28584743,0.10683513,0.0,0.0,0.0,0.0,0.03436426,0.0046189376,4.2367837E-8,2.5420702E-8,0.119205296,0.07945205,0.058000743,0.032925908,0.0010841155,0.0,0.0,0.0,0.0,0.0,0.0,0.0,0.0,0.0,0.060648892,0.15340802,0.03530823,0.0,0.0,0.0,0.0,0.0,0.0,-0.0057803467,0.0021650777,0.0,1.9426636E-5,1.5258789E-5,1.5258789E-5,0.3255814,0.2,0.010980007,0.12145982,0.026152981,0.0066084517,1162606.0,1.1528928E7,1.6276483E7,0.07269509,
2021-02-25 16:26:45 INFO  susman.cs.ncat.edu.dataset.Normalizer    0.7516831,0.011560693,0.0057803467,1.1395146E-4,0.0,6.997901E-4,0.0031746032,0.001898614,0.0,0.0,0.0,0.0,0.0,3.5009184E-10,2.2172483E-8,0.2772755,0.4490221,0.4097539,6.9523376E-4,0.7513125,0.4748267,6.305478E-4,0.4106805,0.47457117,0.7513042,0.4747849,9.483088E-4,0.47507843,0.4744913,0.0,0.0,0.0,0.0,0.01718213,0.009237875,1.1086241E-8,1.6629363E-8,0.0,6.849315E-4,4.5801018E-4,7.402947E-4,5.480363E-7,0.0,0.0,0.0,0.0,6.0,0.0,0.0,0.0,0.125,5.333446E-4,0.001898614,0.0,0.0,0.0,0.0,0.0,0.0,0.0,-0.0057803467,0.0,0.0,0.0,0.0077667236,0.007659912,0.046511628,0.5,0.0011090421,0.00686494,0.0014488249,7.6925935E-4,5425494.5,2.4905332E7,1.6276483E7,0.4537247,
2021-02-25 16:26:45 INFO  susman.cs.ncat.edu.dataset.Normalizer    0.75051457,0.028901733,0.0057803467,0.005013864,7.2849885E-4,0.030790763,0.0,0.04176951,0.041840218,0.11986301,0.57377046,0.1252488,0.0,7.678948E-8,3.3310506E-8,0.1730278,0.37890393,0.4089492,5.161612E-4,0.75052094,0.18973057,0.45120323,0.4089492,7.819236E-4,0.74983174,0.47385436,4.3704236E-5,0.4738679,0.47384083,1.0,0.0,0.0,0.0,0.03436426,0.005773672,2.2207004E-8,1.6655253E-8,0.0,0.11986301,0.056186397,0.103722356,0.010758326,0.0,0.0,0.0,6.0,9.0,0.0,0.0,0.0,0.0,0.062312417,0.04176951,0.1252488,0.0,0.0,0.0,0.0,0.0,0.0,-0.0057803467,5.317735E-4,0.0,8.048178E-5,0.007858276,0.10420227,0.046511628,0.5,0.001256268,8.56895E-4,0.0012986803,0.0012138557,5425494.5,2.4905332E7,1.6276483E7,0.45270103,
2021-02-25 16:26:45 INFO  susman.cs.ncat.edu.dataset.Normalizer    0.7509485,0.028901733,0.0057803467,0.005013864,7.2849885E-4,0.030790763,0.0,0.04176951,0.041840218,0.11986301,0.57377046,0.1252488,0.0,7.674511E-8,3.3291258E-8,0.17312784,0.37910014,0.40910622,6.0158607E-4,0.75095487,0.18984029,0.45143005,0.40910622,8.4458664E-4,0.7503262,0.47416684,1.942108E-4,0.47422695,0.4741067,1.0,0.0,0.0,0.0,0.03436426,0.005773672,2.2194172E-8,1.6645629E-8,0.0,0.11986301,0.056186397,0.103722356,0.010758326,0.0,0.0,0.0,6.0,9.0,0.0,0.0,0.0,0.0,0.062312417,0.04176951,0.1252488,0.0,0.0,0.0,0.0,0.0,0.0,-0.0057803467,5.317735E-4,0.0,8.048178E-5,0.007888794,0.105545044,0.046511628,0.5,0.0011572632,3.1727264E-4,0.0011729667,0.0011415597,5425494.5,2.4905332E7,1.6276484E7,0.45300972,
2021-02-25 16:26:45 INFO  susman.cs.ncat.edu.dataset.Normalizer    0.75068444,0.028901733,0.0057803467,0.005013864,7.2849885E-4,0.030790763,0.0,0.04176951,0.041840218,0.11986301,0.57377046,0.1252488,0.0,7.677211E-8,3.330297E-8,0.17306696,0.3790505,0.40910515,4.7761394E-4,0.7506908,0.18977353,0.451396,0.40910515,7.621841E-4,0.75003546,0.47398308,1.0964336E-4,0.47401705,0.47394916,1.0,0.0,0.0,0.0,0.03436426,0.005773672,2.220198E-8,1.6651486E-8,0.0,0.11986301,0.056186397,0.103722356,0.010758326,0.0,0.0,0.0,6.0,9.0,0.0,0.0,0.0,0.0,0.062312417,0.04176951,0.1252488,0.0,0.0,0.0,0.0,0.0,0.0,-0.0057803467,5.317735E-4,0.0,8.048178E-5,0.007843018,0.123672485,0.046511628,0.5,0.001193098,7.947637E-4,0.0012324351,0.0011537608,5425494.5,2.4905332E7,1.6276484E7,0.45284224,
2021-02-25 16:26:45 INFO  susman.cs.ncat.edu.dataset.Normalizer    0.9925428,0.63583815,0.0,0.2108102,0.0,0.034989502,0.15873016,0.0949307,0.0,0.0,0.0,0.0,0.0,4.9050027E-7,3.1065017E-7,0.016641915,0.00488552,0.018652966,0.01415952,0.9925512,0.011405248,0.0049214666,0.018652966,0.009703983,0.0,0.0,0.0,0.0,0.0,0.0,0.0,0.0,0.0,0.25429553,0.0,3.1065017E-7,0.0,0.16556291,0.034246575,0.04007589,0.0,0.0,0.0,0.0,0.0,0.0,0.0,0.0,0.0,0.0,0.0,0.040361207,0.0949307,0.0,0.0,0.0,0.0,0.0,0.0,0.0,0.0,0.001899191,0.0,0.0,1.5258789E-5,1.5258789E-5,2.5581396,0.2,0.0,0.0,0.0,0.0,1.6276484E7,0.0,1.6276484E7,1.6276484E7,
2021-02-25 16:26:45 INFO  susman.cs.ncat.edu.dataset.Normalizer    0.98562354,0.3236994,0.0,0.0,0.0,0.0,0.0,0.0,0.0,0.0,0.0,0.0,0.0,0.0,1.6064295E-7,0.032461587,0.013208869,0.0408824,7.377464E-7,0.9856319,0.022246987,0.013306057,0.0408824,5.0560175E-7,0.0,0.0,0.0,0.0,0.0,0.0,0.0,0.0,0.0,0.0,0.0,1.6064295E-7,0.0,0.0,0.0,0.0,0.0,0.0,0.0,0.0,0.0,0.0,0.0,0.0,0.0,0.0,0.0,0.0,0.0,0.0,0.0,0.0,0.0,0.0,0.0,0.0,0.0,0.0,0.0,0.0,1.5258789E-5,1.5258789E-5,0.0,0.0,0.0,0.0,0.0,0.0,1.6276484E7,0.0,1.6276484E7,1.6276484E7,
2021-02-25 16:26:45 INFO  susman.cs.ncat.edu.dataset.Normalizer    0.97898257,0.07514451,0.007707129,0.044668972,1.9981683E-4,0.058782365,0.26666668,0.15948357,0.0,0.024657534,0.11803278,0.025765467,0.0,1.1827541E-7,5.1073478E-8,0.106211804,0.06716368,0.08239699,0.00653754,0.97899085,0.09518748,3.526745E-4,0.08239699,0.09481085,0.67758054,0.2854636,0.0032563396,0.28710875,0.28458893,0.0,0.0,0.0,0.0,0.03207331,0.0030792917,3.9723812E-8,1.702449E-8,0.119205296,0.057534248,0.059227947,0.027844697,7.7532715E-4,0.0,0.0,0.0,0.0,0.0,0.0,0.0,0.0,0.0,0.06240131,0.15948357,0.025765467,0.0,0.0,0.0,0.0,0.0,0.0,-0.0057803467,0.0024689483,0.0,1.1100935E-5,1.5258789E-5,1.5258789E-5,0.30232558,0.2,0.0068729063,0.010090292,0.0077105323,0.0060557816,1162606.1,1.1528929E7,1.6276484E7,0.085317604,
2021-02-25 16:26:45 INFO  susman.cs.ncat.edu.dataset.Normalizer    0.91979194,0.24855492,0.0,0.53295094,0.0,0.25612316,0.7936508,0.6054421,0.06367621,0.0,0.0,0.0,0.0,1.3381184E-6,1.3288042E-7,0.039451897,0.21177089,0.4981775,0.0,0.91979975,0.027037675,0.21332906,0.4981775,0.0,0.0,0.0,0.0,0.0,0.0,0.0,0.0,0.0,0.0,0.10080183,0.0,1.3288042E-7,0.0,0.8278146,0.25068492,0.25628978,0.050861277,0.0025868695,0.0,0.0,0.0,0.0,0.0,0.0,0.0,0.0,0.0,0.26162368,0.6054421,0.0,0.0,0.0,0.0,0.0,0.0,0.0,0.0,0.012078854,0.0,0.0,1.5258789E-5,1.5258789E-5,1.0,0.2,0.006969676,0.029432718,0.0084264595,0.0055128923,5425495.0,2.4905332E7,1.6276484E7,0.54745317,
2021-02-25 16:26:45 INFO  susman.cs.ncat.edu.dataset.Normalizer    0.7511806,0.01734104,0.0057803467,0.0025828998,0.0,0.024492653,0.0031746032,0.032276437,0.032200295,0.0,0.0,0.0,0.0,7.940724E-9,2.5885202E-8,0.23090844,0.42364898,0.40976143,9.913468E-6,0.750819,0.31634322,0.47800642,0.410197,6.794023E-6,0.75085396,0.47450036,3.8175283E-5,0.47451222,0.47448856,1.0,0.0,0.0,0.0,0.022909507,0.0080831405,1.4791545E-8,1.6640488E-8,0.0,0.023972603,0.009918783,0.022960328,5.2717666E-4,0.0,0.0,0.0,2.0,7.0,0.0,0.0,0.0,0.0,0.011314523,0.032276437,0.0,0.0,0.0,0.0,0.0,0.0,0.0,-0.0057803467,3.4185438E-4,0.0,0.0,0.007659912,0.007659912,0.069767445,0.5,6.804198E-4,1.2368743E-5,6.8103196E-4,6.7980756E-4,5425495.0,2.4905334E7,1.6276484E7,0.4537264,
2021-02-25 16:26:45 INFO  susman.cs.ncat.edu.dataset.Normalizer    0.7519533,0.028901733,0.0057803467,0.005013864,7.2849885E-4,0.030790763,0.0,0.04176951,0.041840218,0.11986301,0.57377046,0.1252488,0.0,7.664256E-8,3.3246774E-8,0.1733595,0.37867314,0.40910494,6.097628E-4,0.7519597,0.19009428,0.45064166,0.40910494,8.4519753E-4,0.75106645,0.47463465,0.0032636467,0.475645,0.47362423,1.0,0.0,0.0,0.0,0.03436426,0.005773672,2.2164514E-8,1.6623385E-8,0.0,0.11986301,0.056186397,0.103722356,0.010758326,0.0,0.0,0.0,6.0,9.0,0.0,0.0,0.0,0.0,0.062312417,0.04176951,0.1252488,0.0,0.0,0.0,0.0,0.0,0.0,-0.0057803467,5.317735E-4,0.0,8.048178E-5,0.007827759,0.12501526,0.046511628,0.5,0.001384459,0.0048908307,0.0016265324,0.0011423854,5425495.0,2.4905334E7,1.6276484E7,0.45254847,
2021-02-25 16:26:45 INFO  susman.cs.ncat.edu.dataset.Normalizer    0.7504345,0.028901733,0.0057803467,0.005013864,7.2849885E-4,0.030790763,0.0,0.04176951,0.041840218,0.11986301,0.57377046,0.1252488,0.0,7.6797676E-8,3.3314063E-8,0.17300934,0.37856895,0.4091024,3.498301E-4,0.7504409,0.18971035,0.45071623,0.4091024,6.5462786E-4,0.749068,0.4733717,0.0018287561,0.47393787,0.47280556,1.0,0.0,0.0,0.0,0.03436426,0.005773672,2.2209374E-8,1.665703E-8,0.0,0.11986301,0.056186397,0.103722356,0.010758326,0.0,0.0,0.0,6.0,9.0,0.0,0.0,0.0,0.0,0.062312417,0.04176951,0.1252488,0.0,0.0,0.0,0.0,0.0,0.0,-0.0057803467,5.317735E-4,0.0,8.048178E-5,0.007858276,0.103530884,0.046511628,0.5,0.0017156496,0.015588499,0.0024872082,9.44091E-4,5425495.5,2.4905334E7,1.6276485E7,0.4519057,
2021-02-25 16:26:45 INFO  susman.cs.ncat.edu.dataset.Normalizer    0.050363775,0.057803467,0.0,0.14430054,0.0,0.57172847,0.35555556,0.65571225,0.3554734,0.0,0.0,0.0,0.0,6.6167777E-6,6.066976E-7,0.009288916,0.016671915,0.027006667,1.0827965E-4,0.050364204,0.0063659977,0.016794585,0.027006667,7.4207586E-5,0.0,0.0,0.0,0.0,0.0,0.0,0.0,0.0,0.0,0.025200458,0.0,6.066976E-7,0.0,0.37086093,0.559589,0.261228,0.28602147,0.08180828,0.0,0.0,0.0,0.0,0.0,0.0,0.0,0.0,0.0,0.28444234,0.65571225,0.0,0.0,0.0,0.0,0.0,0.0,0.0,0.0,0.013104417,0.0,0.0,1.5258789E-5,1.5258789E-5,0.23255815,0.2,0.0,0.0,0.0,0.0,1.6276484E7,0.0,1.6276484E7,1.6276484E7,
2021-02-25 16:26:45 INFO  susman.cs.ncat.edu.dataset.Normalizer    0.75074494,0.028901733,0.0057803467,0.005013864,7.2849885E-4,0.030790763,0.0,0.04176951,0.041840218,0.11986301,0.57377046,0.1252488,0.0,7.676593E-8,3.330029E-8,0.1730809,0.37904882,0.40910253,4.5623467E-4,0.75075126,0.18978879,0.45138434,0.40910253,7.4103306E-4,0.7500359,0.47398338,4.4663722E-4,0.47412166,0.4738451,1.0,0.0,0.0,0.0,0.03436426,0.005773672,2.2200192E-8,1.6650144E-8,0.0,0.11986301,0.056186397,0.103722356,0.010758326,0.0,0.0,0.0,6.0,9.0,0.0,0.0,0.0,0.0,0.062312417,0.04176951,0.1252488,0.0,0.0,0.0,0.0,0.0,0.0,-0.0057803467,5.317735E-4,0.0,8.048178E-5,0.007904053,0.121658325,0.046511628,0.5,0.0011648587,0.003298571,0.0013281227,0.0010015947,5425495.5,2.4905334E7,1.6276485E7,0.45286036,
2021-02-25 16:26:45 INFO  susman.cs.ncat.edu.dataset.Normalizer    0.0869392,0.03468208,0.023121387,0.02267634,0.0076915603,0.36179146,0.0,0.16192465,0.33453125,1.0,0.0,0.3305972,0.76742774,6.195099E-6,6.070659E-7,0.008908198,0.043257754,0.09176809,0.0,0.0029080438,6.126243E-4,0.0011667693,0.0014248611,7.605093E-6,0.08564488,0.009840559,0.07297073,0.10616096,0.0,0.0,0.0,0.0,0.0,0.043528065,0.024249423,2.2365586E-7,5.751151E-7,0.0,1.0,0.24606596,0.70029753,0.49041662,1.0,2.0,0.0,9.0,18.0,0.0,0.0,0.0,0.125,0.25853175,0.16192465,0.3305972,0.0,0.0,0.0,0.0,0.0,0.0,-0.0057803467,0.0011774984,0.0,4.0379653E-4,0.98023987,0.007659912,0.046511628,0.5,0.004968209,0.0,0.004968209,0.004968209,8138243.5,3.0502684E7,1.6276487E7,0.10161753,
2021-02-25 16:26:55 DEBUG cic.cs.unb.ca.jnetpcap.FlowGenerator    FlagFIN current has 257 flow
2021-02-25 16:26:55 INFO  susman.cs.ncat.edu.dataset.Normalizer    0.0015626347,0.06936416,0.019267824,0.07923425,0.011354869,0.87823653,0.0,0.3046545,0.61917317,1.0,0.0,0.5856634,0.9182406,5.764561E-4,4.08854E-5,1.3100308E-4,2.5596094E-4,3.3886937E-4,8.299647E-7,0.0012670535,1.3346218E-4,2.8825834E-4,3.3982543E-4,2.707076E-6,0.0013052835,1.8330461E-4,5.982512E-4,6.9881143E-4,6.5307513E-6,0.0,0.0,0.0,0.0,0.077892326,0.020400308,2.3109138E-5,2.6664391E-5,0.0,1.0,0.34294942,0.85383815,0.7290396,1.0,2.0,0.0,7.0,22.0,0.0,0.0,0.0,0.0,0.3571901,0.3046545,0.5856634,0.0,0.0,0.0,0.0,0.0,0.0,-0.0057803467,0.0034185436,0.0,4.92604E-4,1.0,0.031341553,0.093023255,0.5,0.0,0.0,0.0,0.0,1.6276487E7,0.0,1.6276487E7,1.6276487E7,
2021-02-25 16:26:55 DEBUG cic.cs.unb.ca.jnetpcap.FlowGenerator    FlagFIN current has 257 flow
2021-02-25 16:26:55 INFO  susman.cs.ncat.edu.dataset.Normalizer    5.916672E-7,0.0057803467,0.0,0.0,0.0,0.0,0.0,0.0,0.0,0.0,0.0,0.0,0.0,0.0,0.0093896715,1.0912498E-6,0.0,6.4648873E-7,1.0912498E-6,5.916722E-7,7.4786925E-7,0.0,6.4648873E-7,7.4786925E-7,0.0,0.0,0.0,0.0,0.0,0.0,0.0,0.0,0.0,0.011454754,0.0,0.0093896715,0.0,0.0,0.0,0.0,0.0,0.0,1.0,0.0,0.0,0.0,2.0,0.0,0.0,0.0,0.0,0.0,0.0,0.0,0.0,0.0,0.0,0.0,0.0,0.0,0.0,0.0,0.0,0.0,0.015579224,1.5258789E-5,0.0,0.5,0.0,0.0,0.0,0.0,1.6276487E7,0.0,1.6276487E7,1.6276487E7,
2021-02-25 16:26:56 DEBUG cic.cs.unb.ca.jnetpcap.FlowGenerator    FlagFIN current has 258 flow
2021-02-25 16:26:56 INFO  susman.cs.ncat.edu.dataset.Normalizer    0.171107,0.06936416,0.026974952,0.060128387,0.003117975,0.43317005,0.0,0.23119277,0.35321704,1.0,0.0,0.11487104,0.49748218,1.9634801E-6,4.383226E-7,0.012137833,0.07193969,0.18321471,1.4293837E-6,0.17110844,0.018023316,0.10661383,0.1832999,2.022407E-6,0.1702566,0.016552808,0.13409695,0.21194792,3.9395177E-6,0.0,0.0,0.0,0.0,0.077892326,0.028098537,2.1104421E-7,3.4091758E-7,0.0,1.0,0.10963619,0.4186743,0.17528816,1.0,2.0,0.0,12.0,26.0,0.0,0.0,0.0,0.125,0.11348386,0.23119277,0.11487104,0.0,0.0,0.0,0.0,0.0,0.0,-0.0057803467,0.0022030615,0.0,1.151722E-4,0.98023987,0.007659912,0.13953489,0.5,0.005853216,0.0,0.005853216,0.005853216,8138243.5,3.0502684E7,1.6276487E7,0.20287907,
2021-02-25 16:26:56 INFO  susman.cs.ncat.edu.dataset.Normalizer    0.99160504,0.6300578,0.0,0.208911,0.0,0.034989502,0.15873016,0.0949307,0.0,0.0,0.0,0.0,0.0,4.86541E-7,3.0814263E-7,0.016778726,0.0053925556,0.01866717,0.014130272,0.99161345,0.011499009,0.005432233,0.01866717,0.009683938,0.0,0.0,0.0,0.0,0.0,0.0,0.0,0.0,0.0,0.2520046,0.0,3.0814263E-7,0.0,0.16556291,0.034246575,0.04007589,0.0,0.0,0.0,0.0,0.0,0.0,0.0,0.0,0.0,0.0,0.0,0.04036448,0.0949307,0.0,0.0,0.0,0.0,0.0,0.0,0.0,0.0,0.001899191,0.0,0.0,1.5258789E-5,1.5258789E-5,2.5348837,0.2,0.0,0.0,0.0,0.0,1.6276485E7,0.0,1.6276485E7,1.6276485E7,
2021-02-25 16:26:56 INFO  susman.cs.ncat.edu.dataset.Normalizer    0.9985378,0.40462428,0.0,0.0,0.0,0.0,0.0,0.0,0.0,0.0,0.0,0.0,0.0,0.0,1.975112E-7,0.026309537,0.018111067,0.040884394,0.0,0.99854624,0.018030787,0.018244324,0.040884394,0.0,0.0,0.0,0.0,0.0,0.0,0.0,0.0,0.0,0.0,0.0,0.0,1.975112E-7,0.0,0.0,0.0,0.0,0.0,0.0,0.0,0.0,0.0,0.0,0.0,0.0,0.0,0.0,0.0,0.0,0.0,0.0,0.0,0.0,0.0,0.0,0.0,0.0,0.0,0.0,0.0,0.0,1.5258789E-5,1.5258789E-5,0.0,0.0,0.0,0.0,0.0,0.0,1.6276485E7,0.0,1.6276485E7,1.6276485E7,
2021-02-25 16:27:45 INFO  susman.cs.ncat.edu.jnetpcap.worker.TrafficFlowWorker    Pcap is listening...
2021-02-25 16:29:56 INFO  susman.cs.ncat.edu.dataset.Normalizer    0.99245656,0.6300578,0.0,0.208911,0.0,0.034989502,0.15873016,0.0949307,0.0,0.0,0.0,0.0,0.0,4.861236E-7,3.078783E-7,0.016793134,0.005389411,0.018679181,0.014023376,0.9924649,0.011508883,0.0054290653,0.018679181,0.009610678,0.0,0.0,0.0,0.0,0.0,0.0,0.0,0.0,0.0,0.2520046,0.0,3.078783E-7,0.0,0.16556291,0.034246575,0.04007589,0.0,0.0,0.0,0.0,0.0,0.0,0.0,0.0,0.0,0.0,0.0,0.04036448,0.0949307,0.0,0.0,0.0,0.0,0.0,0.0,0.0,0.0,0.001899191,0.0,0.0,1.5258789E-5,1.5258789E-5,2.5348837,0.2,0.0,0.0,0.0,0.0,1.6276487E7,0.0,1.6276487E7,1.6276487E7,
2021-02-25 16:29:56 INFO  susman.cs.ncat.edu.dataset.Normalizer    0.983924,0.39306358,0.0,0.0,0.0,0.0,0.0,0.0,0.0,0.0,0.0,0.0,0.0,0.0,1.947984E-7,0.026686976,0.01569347,0.038226206,0.0,0.9839323,0.018289456,0.015808942,0.038226206,0.0,0.0,0.0,0.0,0.0,0.0,0.0,0.0,0.0,0.0,0.0,0.0,1.947984E-7,0.0,0.0,0.0,0.0,0.0,0.0,0.0,0.0,0.0,0.0,0.0,0.0,0.0,0.0,0.0,0.0,0.0,0.0,0.0,0.0,0.0,0.0,0.0,0.0,0.0,0.0,0.0,0.0,1.5258789E-5,1.5258789E-5,0.0,0.0,0.0,0.0,0.0,0.0,1.6276487E7,0.0,1.6276487E7,1.6276487E7,
2021-02-25 16:29:56 INFO  susman.cs.ncat.edu.dataset.Normalizer    0.97771543,0.07514451,0.009633912,0.044668972,2.4977105E-4,0.058782365,0.26666668,0.15948357,0.0,0.024657534,0.11803278,0.025765467,0.0,1.2165857E-7,5.398076E-8,0.10018131,0.069941096,0.08236574,0.006843751,0.9777237,0.09506427,3.956158E-4,0.08237524,0.0948035,0.9029242,0.28530037,0.0024665943,0.28691822,0.284693,0.0,0.0,0.0,0.0,0.03207331,0.0038491148,3.9775298E-8,2.1308194E-8,0.119205296,0.057534248,0.05770928,0.029533762,8.72243E-4,0.0,0.0,0.0,0.0,0.0,0.0,0.0,0.0,0.0,0.06063285,0.15948357,0.025765467,0.0,0.0,0.0,0.0,0.0,0.0,-0.0057803467,0.002317013,0.0,1.2488552E-5,1.5258789E-5,1.5258789E-5,0.30232558,0.2,0.007429062,0.0143661685,0.008759266,0.0063394275,1162606.2,1.1528932E7,1.6276487E7,0.0845553,
2021-02-25 16:29:59 DEBUG cic.cs.unb.ca.jnetpcap.FlowGenerator    FlagFIN current has 66 flow
2021-02-25 16:29:59 INFO  susman.cs.ncat.edu.dataset.Normalizer    0.008435932,0.023121387,0.007707129,0.040946558,0.0022035358,0.61721486,0.0,0.4093412,0.6633283,1.0,0.0,0.28413585,0.9156465,2.7721875E-5,2.9635162E-6,0.0019448666,0.006380956,0.009032422,1.8904751E-6,0.008431562,0.002664358,0.00905893,0.009034252,2.991477E-6,1.6946625E-4,7.139586E-5,2.533208E-4,1.9946178E-4,6.909956E-6,0.0,0.0,0.0,0.0,0.03207331,0.008852964,1.6463979E-6,1.9756774E-6,0.0,1.0,0.21368465,0.6930312,0.48029226,1.0,2.0,0.0,4.0,8.0,0.0,0.0,0.0,0.0,0.23698276,0.4093412,0.28413585,0.0,0.0,0.0,0.0,0.0,0.0,-0.0057803467,0.0045200745,0.0,2.4422057E-4,0.98023987,0.05039978,0.046511628,0.5,0.0,0.0,0.0,0.0,1.6276488E7,0.0,1.6276488E7,1.6276488E7,
2021-02-25 16:29:59 DEBUG cic.cs.unb.ca.jnetpcap.FlowGenerator    FlagFIN current has 66 flow
2021-02-25 16:29:59 INFO  susman.cs.ncat.edu.dataset.Normalizer    1.9866684E-5,0.0057803467,0.0,0.0,0.0,0.0,0.0,0.0,0.0,0.0,0.0,0.0,0.0,0.0,2.7964206E-4,3.6641406E-5,0.0,2.1707452E-5,3.6641406E-5,1.9866851E-5,2.5111553E-5,0.0,2.1707452E-5,2.5111553E-5,0.0,0.0,0.0,0.0,0.0,0.0,0.0,0.0,0.0,0.011454754,0.0,2.7964206E-4,0.0,0.0,0.0,0.0,0.0,0.0,1.0,0.0,0.0,0.0,2.0,0.0,0.0,0.0,0.0,0.0,0.0,0.0,0.0,0.0,0.0,0.0,0.0,0.0,0.0,0.0,0.0,0.0,0.007843018,1.5258789E-5,0.0,0.5,0.0,0.0,0.0,0.0,1.6276488E7,0.0,1.6276488E7,1.6276488E7,
2021-02-25 16:29:59 DEBUG cic.cs.unb.ca.jnetpcap.FlowGenerator    FlagFIN current has 67 flow
2021-02-25 16:29:59 INFO  susman.cs.ncat.edu.dataset.Normalizer    1.9721684E-4,0.03468208,0.015414258,0.046188325,0.010568091,0.71308607,0.0,0.32981637,0.65954936,1.0,0.0,0.68135345,0.8454653,0.003928354,2.1127355E-4,2.5981408E-5,4.5283366E-5,6.642444E-5,1.4754928E-6,1.8126002E-4,3.818522E-5,6.652336E-5,7.843456E-5,2.0645405E-6,1.3643807E-4,2.4634777E-5,6.237068E-5,8.358308E-5,3.7604486E-6,0.0,0.0,0.0,0.0,0.043528065,0.016551193,9.859433E-5,1.6901885E-4,0.0,1.0,0.44243783,0.90967906,0.8275161,1.0,2.0,0.0,6.0,14.0,0.0,0.0,0.0,0.125,0.47104988,0.32981637,0.68135345,0.0,0.0,0.0,0.0,0.0,0.0,-0.0057803467,0.0030766893,0.0,7.035218E-4,0.98023987,0.066848755,0.046511628,0.5,0.0,0.0,0.0,0.0,1.6276488E7,0.0,1.6276488E7,1.6276488E7,
2021-02-25 16:29:59 DEBUG cic.cs.unb.ca.jnetpcap.FlowGenerator    FlagFIN current has 67 flow
2021-02-25 16:29:59 INFO  susman.cs.ncat.edu.dataset.Normalizer    2.1750018E-6,0.0057803467,0.0,0.0,0.0,0.0,0.0,0.0,0.0,0.0,0.0,0.0,0.0,0.0,0.0025542786,4.011496E-6,0.0,2.376529E-6,4.011496E-6,2.1750202E-6,2.7492094E-6,0.0,2.376529E-6,2.7492094E-6,0.0,0.0,0.0,0.0,0.0,0.0,0.0,0.0,0.0,0.011454754,0.0,0.0025542786,0.0,0.0,0.0,0.0,0.0,0.0,1.0,0.0,0.0,0.0,2.0,0.0,0.0,0.0,0.0,0.0,0.0,0.0,0.0,0.0,0.0,0.0,0.0,0.0,0.0,0.0,0.0,0.0,0.007843018,1.5258789E-5,0.0,0.5,0.0,0.0,0.0,0.0,1.6276488E7,0.0,1.6276488E7,1.6276488E7,
2021-02-25 16:30:36 INFO  susman.cs.ncat.edu.dataset.Normalizer    0.73130363,0.011560693,0.007707129,0.0014054013,4.3016124E-5,0.024492653,0.0031746032,0.023416238,0.03407995,0.021232877,0.0,0.0055467323,0.019954873,8.156554E-9,2.6588765E-8,0.2247984,0.4046457,0.40975007,9.882728E-6,0.73095495,0.4619608,0.030955054,0.41018203,0.44941607,0.7309777,0.30795974,0.6109948,0.4870212,4.552987E-4,0.0,0.0,0.0,0.0,0.01718213,0.010007698,1.1395185E-8,2.279037E-8,0.0,0.023972603,0.006913091,0.02089858,4.3675068E-4,0.0,0.0,0.0,2.0,7.0,0.0,0.0,0.0,0.125,0.00788588,0.023416238,0.0055467323,0.0,0.0,0.0,0.0,0.0,0.0,-0.0057803467,1.899191E-4,0.0,5.5504674E-6,0.0077667236,0.007659912,0.046511628,0.5,0.009130491,0.17082514,0.017585546,6.754368E-4,5425496.0,2.4905338E7,1.6276487E7,0.41772985,
2021-02-25 16:30:36 INFO  susman.cs.ncat.edu.dataset.Normalizer    0.7505528,0.028901733,0.0057803467,0.005013864,7.2849885E-4,0.030790763,0.0,0.04176951,0.041840218,0.11986301,0.57377046,0.1252488,0.0,7.6785575E-8,3.330881E-8,0.1730366,0.37854514,0.40894955,4.1833296E-4,0.75055915,0.18974024,0.45066282,0.40894955,7.213146E-4,0.74923486,0.47347715,0.0010583095,0.47380477,0.47314948,1.0,0.0,0.0,0.0,0.03436426,0.005773672,2.2205874E-8,1.6654406E-8,0.0,0.11986301,0.056186397,0.103722356,0.010758326,0.0,0.0,0.0,6.0,9.0,0.0,0.0,0.0,0.0,0.062312417,0.04176951,0.1252488,0.0,0.0,0.0,0.0,0.0,0.0,-0.0057803467,5.317735E-4,0.0,8.048178E-5,0.007858276,0.12098694,0.046511628,0.5,0.0017760647,0.011857022,0.0023629325,0.0011891971,5425496.0,2.4905338E7,1.6276487E7,0.45206866,
2021-02-25 16:30:36 INFO  susman.cs.ncat.edu.dataset.Normalizer    0.7505476,0.028901733,0.0057803467,0.005013864,7.2849885E-4,0.030790763,0.0,0.04176951,0.041840218,0.11986301,0.57377046,0.1252488,0.0,7.678611E-8,3.3309046E-8,0.17303541,0.37908396,0.40910444,4.6837673E-4,0.75055397,0.18973891,0.4514665,0.40910444,7.5097656E-4,0.750019,0.47397274,3.828246E-4,0.47409123,0.4738542,1.0,0.0,0.0,0.0,0.03436426,0.005773672,2.2206029E-8,1.6654521E-8,0.0,0.11986301,0.056186397,0.103722356,0.010758326,0.0,0.0,0.0,6.0,9.0,0.0,0.0,0.0,0.0,0.062312417,0.04176951,0.1252488,0.0,0.0,0.0,0.0,0.0,0.0,-0.0057803467,5.317735E-4,0.0,8.048178E-5,0.007888794,0.12232971,0.046511628,0.5,0.0010706873,8.9256297E-4,0.0011148651,0.0010265096,5425496.0,2.4905338E7,1.6276488E7,0.45286152,
2021-02-25 16:30:36 INFO  susman.cs.ncat.edu.dataset.Normalizer    0.7505394,0.028901733,0.0057803467,0.005013864,7.2849885E-4,0.030790763,0.0,0.04176951,0.041840218,0.11986301,0.57377046,0.1252488,0.0,7.678695E-8,3.3309405E-8,0.17303354,0.37828156,0.4090954,4.6839213E-4,0.7505458,0.18973687,0.45027202,0.4090954,7.527146E-4,0.7487818,0.47319084,0.002624993,0.47400352,0.4723782,1.0,0.0,0.0,0.0,0.03436426,0.005773672,2.2206269E-8,1.6654703E-8,0.0,0.11986301,0.056186397,0.103722356,0.010758326,0.0,0.0,0.0,6.0,9.0,0.0,0.0,0.0,0.0,0.062312417,0.04176951,0.1252488,0.0,0.0,0.0,0.0,0.0,0.0,-0.0057803467,5.317735E-4,0.0,8.048178E-5,0.007843018,0.117630005,0.046511628,0.5,0.0020810806,0.021223612,0.0031315512,0.00103061,5425496.0,2.4905338E7,1.6276488E7,0.45142886,
2021-02-25 16:30:36 INFO  susman.cs.ncat.edu.dataset.Normalizer    0.91803634,0.25433525,0.0,0.5463972,0.0,0.25612316,0.7936508,0.6069236,0.06360105,0.0,0.0,0.0,0.0,1.3745024E-6,1.3616031E-7,0.03848167,0.20937915,0.5035138,0.0,0.9180441,0.026372747,0.21091972,0.5035138,0.0,0.0,0.0,0.0,0.0,0.0,0.0,0.0,0.0,0.0,0.10309278,0.0,1.3616031E-7,0.0,0.8278146,0.25068492,0.25688645,0.05077679,0.0025782823,0.0,0.0,0.0,0.0,0.0,0.0,0.0,0.0,0.0,0.2621033,0.6069236,0.0,0.0,0.0,0.0,0.0,0.0,0.0,0.0,0.012116838,0.0,0.0,1.5258789E-5,1.5258789E-5,1.0232558,0.2,0.004986226,0.071855925,0.008542762,0.0014296902,5425496.0,2.4905338E7,1.6276487E7,0.5411634,
2021-02-25 16:31:18 INFO  susman.cs.ncat.edu.dataset.Normalizer    0.07679622,0.06358381,0.0,0.15315075,0.0,0.57172847,0.35555556,0.63793427,0.35979253,0.0,0.0,0.0,0.0,4.6054943E-6,4.3404953E-7,0.012876383,0.016747072,0.026120458,1.08003E-4,0.07679687,0.008824606,0.016870296,0.026120458,7.401799E-5,0.0,0.0,0.0,0.0,0.0,0.0,0.0,0.0,0.0,0.02749141,0.0,4.3404953E-7,0.0,0.37086093,0.559589,0.2554992,0.28795508,0.08291812,0.0,0.0,0.0,0.0,0.0,0.0,0.0,0.0,0.0,0.27627248,0.63793427,0.0,0.0,0.0,0.0,0.0,0.0,0.0,0.0,0.012762563,0.0,0.0,1.5258789E-5,1.5258789E-5,0.25581396,0.2,0.0,0.0,0.0,0.0,1.6276488E7,0.0,1.6276488E7,1.6276488E7,
2021-02-25 16:31:47 INFO  susman.cs.ncat.edu.dataset.Normalizer    0.99247015,0.6069364,0.0,0.20131424,0.0,0.034989502,0.15873016,0.0949307,0.0,0.0,0.0,0.0,0.0,4.6843996E-7,2.9667865E-7,0.01743311,0.006188968,0.01864989,0.01344469,0.99247855,0.011947481,0.0062345057,0.01864989,0.0092140855,0.0,0.0,0.0,0.0,0.0,0.0,0.0,0.0,0.0,0.24284078,0.0,2.9667865E-7,0.0,0.16556291,0.034246575,0.04007589,0.0,0.0,0.0,0.0,0.0,0.0,0.0,0.0,0.0,0.0,0.0,0.040378205,0.0949307,0.0,0.0,0.0,0.0,0.0,0.0,0.0,0.0,0.001899191,0.0,0.0,1.5258789E-5,1.5258789E-5,2.4418604,0.2,0.0,0.0,0.0,0.0,1.6276488E7,0.0,1.6276488E7,1.6276488E7,
2021-02-25 16:31:47 INFO  susman.cs.ncat.edu.dataset.Normalizer    0.98811,0.34104046,0.0,0.0,0.0,0.0,0.0,0.0,0.0,0.0,0.0,0.0,0.0,0.0,1.6867233E-7,0.030888727,0.017163727,0.054963354,0.0,0.98811835,0.021169055,0.017290015,0.054963354,0.0,0.0,0.0,0.0,0.0,0.0,0.0,0.0,0.0,0.0,0.0,0.0,1.6867233E-7,0.0,0.0,0.0,0.0,0.0,0.0,0.0,0.0,0.0,0.0,0.0,0.0,0.0,0.0,0.0,0.0,0.0,0.0,0.0,0.0,0.0,0.0,0.0,0.0,0.0,0.0,0.0,0.0,1.5258789E-5,1.5258789E-5,0.0,0.0,0.911297,0.0,0.911297,0.911297,8138244.0,3.0502688E7,1.6276488E7,0.06086255,
2021-02-25 16:31:59 DEBUG cic.cs.unb.ca.jnetpcap.FlowGenerator    FlagFIN current has 128 flow
2021-02-25 16:31:59 INFO  susman.cs.ncat.edu.dataset.Normalizer    1.4254179E-4,0.01734104,0.0057803467,0.039237283,0.0010351622,0.5857243,0.0,0.49031705,0.68879324,0.5109589,0.0,0.17797258,0.55449224,0.0010947861,1.3641236E-4,4.38165E-5,7.4875614E-5,9.283032E-5,4.180563E-6,9.317587E-5,3.9257866E-5,1.0733698E-4,9.5334326E-5,2.8650766E-6,5.7588855E-5,3.639314E-5,9.71054E-5,6.645566E-5,6.330615E-6,0.0,0.0,0.0,0.0,0.026345933,0.0069284067,7.794992E-5,8.7693654E-5,0.0,0.57328767,0.17823751,0.4965761,0.2465878,1.0,2.0,0.0,4.0,6.0,0.0,0.0,0.0,0.0,0.20331855,0.49031705,0.17797258,0.0,0.0,0.0,0.0,0.0,0.0,-0.0057803467,0.0055836216,0.0,1.470874E-4,0.98023987,0.051086426,0.046511628,0.5,0.0,0.0,0.0,0.0,1.627649E7,0.0,1.627649E7,1.627649E7,
2021-02-25 16:31:59 DEBUG cic.cs.unb.ca.jnetpcap.FlowGenerator    FlagFIN current has 128 flow
2021-02-25 16:31:59 INFO  susman.cs.ncat.edu.dataset.Normalizer    1.5250013E-5,0.0057803467,0.0,0.0,0.0,0.0,0.0,0.0,0.0,0.0,0.0,0.0,0.0,0.0,3.642987E-4,2.8126582E-5,0.0,1.666302E-5,2.8126582E-5,1.52501425E-5,1.9276065E-5,0.0,1.666302E-5,1.9276065E-5,0.0,0.0,0.0,0.0,0.0,0.0,0.0,0.0,0.0,0.011454754,0.0,3.642987E-4,0.0,0.0,0.0,0.0,0.0,0.0,1.0,0.0,0.0,0.0,2.0,0.0,0.0,0.0,0.0,0.0,0.0,0.0,0.0,0.0,0.0,0.0,0.0,0.0,0.0,0.0,0.0,0.0,0.007797241,1.5258789E-5,0.0,0.5,0.0,0.0,0.0,0.0,1.627649E7,0.0,1.627649E7,1.627649E7,
2021-02-25 16:31:59 DEBUG cic.cs.unb.ca.jnetpcap.FlowGenerator    FlagFIN current has 129 flow
2021-02-25 16:31:59 INFO  susman.cs.ncat.edu.dataset.Normalizer    3.1342526E-4,0.01734104,0.007707129,0.039237283,0.0010351622,0.5857243,0.0,0.49031705,0.68879324,0.5109589,0.0,0.13347943,0.48020437,4.9789465E-4,7.0901246E-5,8.2581486E-5,1.0870825E-4,1.348703E-4,6.3784323E-6,3.6183672E-5,1.5245297E-5,2.7293994E-5,2.8791512E-5,6.014554E-6,2.9056118E-4,1.2241295E-4,8.370349E-5,1.5602175E-4,8.334081E-5,0.0,0.0,0.0,0.0,0.026345933,0.008852964,3.5450623E-5,5.3175932E-5,0.0,0.57328767,0.15843335,0.47571367,0.2263035,1.0,2.0,0.0,4.0,7.0,0.0,0.0,0.0,0.125,0.17790374,0.49031705,0.13347943,0.0,0.0,0.0,0.0,0.0,0.0,-0.0057803467,0.0048999125,0.0,1.2904838E-4,0.98023987,0.051086426,0.046511628,0.5,0.0,0.0,0.0,0.0,1.627649E7,0.0,1.627649E7,1.627649E7,
2021-02-25 16:31:59 DEBUG cic.cs.unb.ca.jnetpcap.FlowGenerator    FlagFIN current has 129 flow
2021-02-25 16:31:59 INFO  susman.cs.ncat.edu.dataset.Normalizer    7.2500063E-7,0.0057803467,0.0,0.0,0.0,0.0,0.0,0.0,0.0,0.0,0.0,0.0,0.0,0.0,0.007662835,1.3371654E-6,0.0,7.9217637E-7,1.3371654E-6,7.2500677E-7,9.164031E-7,0.0,7.9217637E-7,9.164031E-7,0.0,0.0,0.0,0.0,0.0,0.0,0.0,0.0,0.0,0.011454754,0.0,0.007662835,0.0,0.0,0.0,0.0,0.0,0.0,1.0,0.0,0.0,0.0,2.0,0.0,0.0,0.0,0.0,0.0,0.0,0.0,0.0,0.0,0.0,0.0,0.0,0.0,0.0,0.0,0.0,0.0,0.007797241,1.5258789E-5,0.0,0.5,0.0,0.0,0.0,0.0,1.627649E7,0.0,1.627649E7,1.627649E7,
2021-02-25 16:31:59 DEBUG cic.cs.unb.ca.jnetpcap.FlowGenerator    FlagFIN current has 130 flow
2021-02-25 16:31:59 INFO  susman.cs.ncat.edu.dataset.Normalizer    1.2750011E-4,0.01734104,0.0057803467,0.039237283,0.0010351622,0.5857243,0.0,0.49031705,0.68879324,0.5109589,0.0,0.17797258,0.55449224,0.0012239421,1.5250544E-4,3.919278E-5,5.941619E-5,7.470132E-5,2.8280278E-6,7.5450705E-5,3.178971E-5,8.547399E-5,7.6376724E-5,3.2126777E-6,5.9139E-5,3.737275E-5,6.8116686E-5,5.8460755E-5,1.6284745E-5,0.0,0.0,0.0,0.0,0.026345933,0.0069284067,8.714596E-5,9.8039214E-5,0.0,0.57328767,0.17823751,0.4965761,0.2465878,1.0,2.0,0.0,4.0,6.0,0.0,0.0,0.0,0.0,0.20331855,0.49031705,0.17797258,0.0,0.0,0.0,0.0,0.0,0.0,-0.0057803467,0.0055836216,0.0,1.470874E-4,0.98023987,0.051086426,0.046511628,0.5,0.0,0.0,0.0,0.0,1.627649E7,0.0,1.627649E7,1.627649E7,
2021-02-25 16:31:59 DEBUG cic.cs.unb.ca.jnetpcap.FlowGenerator    FlagFIN current has 130 flow
2021-02-25 16:31:59 INFO  susman.cs.ncat.edu.dataset.Normalizer    1.3500012E-6,0.0057803467,0.0,0.0,0.0,0.0,0.0,0.0,0.0,0.0,0.0,0.0,0.0,0.0,0.004115226,2.489894E-6,0.0,1.475087E-6,2.489894E-6,1.3500126E-6,1.7064058E-6,0.0,1.475087E-6,1.7064058E-6,0.0,0.0,0.0,0.0,0.0,0.0,0.0,0.0,0.0,0.011454754,0.0,0.004115226,0.0,0.0,0.0,0.0,0.0,0.0,1.0,0.0,0.0,0.0,2.0,0.0,0.0,0.0,0.0,0.0,0.0,0.0,0.0,0.0,0.0,0.0,0.0,0.0,0.0,0.0,0.0,0.0,0.007797241,1.5258789E-5,0.0,0.5,0.0,0.0,0.0,0.0,1.627649E7,0.0,1.627649E7,1.627649E7,
2021-02-25 16:32:07 DEBUG cic.cs.unb.ca.jnetpcap.FlowGenerator    FlagFIN current has 131 flow
2021-02-25 16:32:07 INFO  susman.cs.ncat.edu.dataset.Normalizer    2.6150022E-4,0.01734104,0.0057803467,0.039237283,0.0010351622,0.5857243,0.0,0.49031705,0.68879324,0.5109589,0.0,0.17797258,0.55449224,5.967596E-4,7.435734E-5,8.0383616E-5,1.8059526E-4,2.298313E-4,2.3054574E-6,2.1740203E-4,9.159818E-5,2.6573046E-4,2.3119712E-4,3.0968106E-6,5.116324E-5,3.2332486E-5,5.346921E-5,4.888583E-5,1.5779138E-5,0.0,0.0,0.0,0.0,0.026345933,0.0069284067,4.2489908E-5,4.7801146E-5,0.0,0.57328767,0.17823751,0.4965761,0.2465878,1.0,2.0,0.0,4.0,6.0,0.0,0.0,0.0,0.0,0.20331855,0.49031705,0.17797258,0.0,0.0,0.0,0.0,0.0,0.0,-0.0057803467,0.0055836216,0.0,1.470874E-4,0.98023987,0.051086426,0.046511628,0.5,0.0,0.0,0.0,0.0,1.627649E7,0.0,1.627649E7,1.627649E7,
2021-02-25 16:32:07 DEBUG cic.cs.unb.ca.jnetpcap.FlowGenerator    FlagFIN current has 131 flow
2021-02-25 16:32:07 INFO  susman.cs.ncat.edu.dataset.Normalizer    2.516669E-6,0.0057803467,0.0,0.0,0.0,0.0,0.0,0.0,0.0,0.0,0.0,0.0,0.0,0.0,0.0022075055,4.6416544E-6,0.0,2.7498536E-6,4.6416544E-6,2.51669E-6,3.1810775E-6,0.0,2.7498536E-6,3.1810775E-6,0.0,0.0,0.0,0.0,0.0,0.0,0.0,0.0,0.0,0.011454754,0.0,0.0022075055,0.0,0.0,0.0,0.0,0.0,0.0,1.0,0.0,0.0,0.0,2.0,0.0,0.0,0.0,0.0,0.0,0.0,0.0,0.0,0.0,0.0,0.0,0.0,0.0,0.0,0.0,0.0,0.0,0.007797241,1.5258789E-5,0.0,0.5,0.0,0.0,0.0,0.0,1.627649E7,0.0,1.627649E7,1.627649E7,
2021-02-25 16:32:07 DEBUG cic.cs.unb.ca.jnetpcap.FlowGenerator    FlagFIN current has 130 flow
2021-02-25 16:32:07 INFO  susman.cs.ncat.edu.dataset.Normalizer    2.0612517E-4,0.01734104,0.0057803467,0.039237283,0.0010351622,0.5857243,0.0,0.49031705,0.68879324,0.5109589,0.0,0.17797258,0.55449224,7.5707765E-4,9.433326E-5,6.336166E-5,1.1619586E-4,1.4365709E-4,1.5523414E-6,1.3889297E-4,5.8519887E-5,1.6430827E-4,1.4457674E-4,3.054677E-6,7.465716E-5,4.7179412E-5,1.3044923E-4,8.756473E-5,6.7940878E-6,0.0,0.0,0.0,0.0,0.026345933,0.0069284067,5.3904725E-5,6.0642815E-5,0.0,0.57328767,0.17823751,0.4965761,0.2465878,1.0,2.0,0.0,4.0,6.0,0.0,0.0,0.0,0.0,0.20331855,0.49031705,0.17797258,0.0,0.0,0.0,0.0,0.0,0.0,-0.0057803467,0.0055836216,0.0,1.470874E-4,0.98023987,0.051086426,0.046511628,0.5,0.0,0.0,0.0,0.0,1.627649E7,0.0,1.627649E7,1.627649E7,
2021-02-25 16:32:07 DEBUG cic.cs.unb.ca.jnetpcap.FlowGenerator    FlagFIN current has 130 flow
2021-02-25 16:32:07 INFO  susman.cs.ncat.edu.dataset.Normalizer    5.1250045E-6,0.0057803467,0.0,0.0,0.0,0.0,0.0,0.0,0.0,0.0,0.0,0.0,0.0,0.0,0.0010840108,9.452376E-6,0.0,5.599867E-6,9.452376E-6,5.1250477E-6,6.478022E-6,0.0,5.599867E-6,6.478022E-6,0.0,0.0,0.0,0.0,0.0,0.0,0.0,0.0,0.0,0.011454754,0.0,0.0010840108,0.0,0.0,0.0,0.0,0.0,0.0,1.0,0.0,0.0,0.0,2.0,0.0,0.0,0.0,0.0,0.0,0.0,0.0,0.0,0.0,0.0,0.0,0.0,0.0,0.0,0.0,0.0,0.0,0.007797241,1.5258789E-5,0.0,0.5,0.0,0.0,0.0,0.0,1.627649E7,0.0,1.627649E7,1.627649E7,
2021-02-25 16:32:07 INFO  susman.cs.ncat.edu.dataset.Normalizer    0.98163116,0.07514451,0.009633912,0.044668972,2.4977105E-4,0.058782365,0.26666668,0.15948357,0.0,0.024657534,0.11803278,0.025765467,0.0,1.2117329E-7,5.376543E-8,0.10058253,0.070948265,0.082369074,0.006766287,0.97776824,0.0950686,4.0391402E-4,0.08237554,0.09481631,0.9029954,0.2853229,0.0021500033,0.28626984,0.28420848,0.0,0.0,0.0,0.0,0.03207331,0.0038491148,3.9616634E-8,2.1223197E-8,0.119205296,0.057534248,0.05770928,0.029533762,8.72243E-4,0.0,0.0,0.0,0.0,0.0,0.0,0.0,0.0,0.0,0.06063285,0.15948357,0.025765467,0.0,0.0,0.0,0.0,0.0,0.0,-0.0057803467,0.002317013,0.0,1.2488552E-5,1.5258789E-5,1.5258789E-5,0.30232558,0.2,0.0064887144,0.0040467163,0.0068849935,0.0062676724,1162606.4,1.1528933E7,1.6276488E7,0.08588767,
2021-02-25 16:32:26 INFO  susman.cs.ncat.edu.dataset.Normalizer    0.77955025,0.011560693,0.0057803467,1.1395146E-4,0.0,6.997901E-4,0.0031746032,0.001898614,0.0,0.0,0.0,0.0,0.0,3.3757686E-10,2.1379869E-8,0.28755495,0.43862778,0.40976146,6.633416E-4,0.75090426,0.4745687,2.3800682E-4,0.41031995,0.47447225,0.7792646,0.4924544,0.057451323,0.51024055,0.47466826,0.0,0.0,0.0,0.0,0.01718213,0.009237875,1.0689934E-8,1.6034901E-8,0.0,6.849315E-4,4.5801018E-4,7.402947E-4,5.480363E-7,0.0,0.0,0.0,0.0,6.0,0.0,0.0,0.0,0.125,5.333446E-4,0.001898614,0.0,0.0,0.0,0.0,0.0,0.0,0.0,-0.0057803467,0.0,0.0,0.0,0.0077667236,0.007659912,0.046511628,0.5,7.438675E-4,0.0026145508,8.732756E-4,6.144593E-4,5425496.5,2.490534E7,1.6276488E7,0.45373964,
2021-02-25 16:32:26 INFO  susman.cs.ncat.edu.dataset.Normalizer    0.75085014,0.028901733,0.0057803467,0.005013864,7.2849885E-4,0.030790763,0.0,0.04176951,0.041840218,0.11986301,0.57377046,0.1252488,0.0,7.675517E-8,3.3295624E-8,0.17310515,0.3786755,0.40924755,4.5557378E-4,0.75085646,0.18981539,0.45081216,0.40924755,7.4125425E-4,0.74942815,0.47359934,0.0018812217,0.47418174,0.47301695,1.0,0.0,0.0,0.0,0.03436426,0.005773672,2.2197083E-8,1.6647812E-8,0.0,0.11986301,0.056186397,0.103722356,0.010758326,0.0,0.0,0.0,6.0,9.0,0.0,0.0,0.0,0.0,0.062312417,0.04176951,0.1252488,0.0,0.0,0.0,0.0,0.0,0.0,-0.0057803467,5.317735E-4,0.0,8.048178E-5,0.007827759,0.11897278,0.046511628,0.5,0.0017746482,0.015612661,0.0025474026,0.0010018937,5425496.5,2.490534E7,1.6276488E7,0.45206147,
2021-02-25 16:32:42 DEBUG cic.cs.unb.ca.jnetpcap.FlowGenerator    FlagFIN current has 188 flow
2021-02-25 16:32:42 INFO  susman.cs.ncat.edu.dataset.Normalizer    0.2505911,0.028901733,0.011560693,0.010521518,0.007939944,0.19384184,0.0,0.08765268,0.19632915,1.0,0.0,0.6825463,0.95283794,2.099949E-6,1.3301894E-7,0.042016484,0.16495577,0.27311125,1.2603168E-6,0.25059322,0.06334959,0.24637453,0.27311125,5.9197537E-6,4.0596392E-4,1.0261917E-4,4.4366147E-4,4.4930514E-4,3.6656475E-6,0.0,0.0,0.0,0.0,0.03780069,0.012702079,6.650947E-8,9.976421E-8,0.0,1.0,0.36986965,0.9379822,0.8798105,1.0,2.0,0.0,2.0,11.0,0.0,0.0,0.0,0.125,0.3999417,0.08765268,0.6825463,0.0,0.0,0.0,0.0,0.0,0.0,-0.0057803467,8.7362784E-4,0.0,6.6050567E-4,0.98023987,0.0036315918,0.023255814,0.5,0.0010923705,0.0,0.0010923705,0.0010923705,8138245.0,3.0502692E7,1.627649E7,0.3024242,
2021-02-25 16:32:42 INFO  susman.cs.ncat.edu.dataset.Normalizer    0.7507265,0.028901733,0.0057803467,0.005013864,7.2849885E-4,0.030790763,0.0,0.04176951,0.041840218,0.11986301,0.57377046,0.1252488,0.0,7.676781E-8,3.3301106E-8,0.17307666,0.37852183,0.408958,6.1306724E-4,0.7507329,0.18978414,0.45060185,0.408958,8.5580465E-4,0.74935687,0.47355425,0.0012488796,0.4739409,0.47316763,1.0,0.0,0.0,0.0,0.03436426,0.005773672,2.2200735E-8,1.6650551E-8,0.0,0.11986301,0.056186397,0.103722356,0.010758326,0.0,0.0,0.0,6.0,9.0,0.0,0.0,0.0,0.0,0.062312417,0.04176951,0.1252488,0.0,0.0,0.0,0.0,0.0,0.0,-0.0057803467,5.317735E-4,0.0,8.048178E-5,0.007858276,0.12031555,0.046511628,0.5,0.001825916,0.012639273,0.0024515016,0.0012003304,5425496.5,2.490534E7,1.627649E7,0.4520701,
2021-02-25 16:33:21 INFO  susman.cs.ncat.edu.dataset.Normalizer    0.75066286,0.03468208,0.007707129,0.006685152,7.2849885E-4,0.030790763,0.0,0.047736578,0.040831875,0.11986301,0.0,0.0939366,0.11264848,8.191598E-8,4.0704798E-8,0.1384496,0.34420687,0.40923274,1.0575902E-4,0.7506692,0.15814005,0.42410606,0.40923274,6.386592E-4,0.750187,0.31605256,0.6244856,0.4769602,3.6201428E-4,1.0,0.0,0.0,0.0,0.040091638,0.008852964,2.5903054E-8,2.2202618E-8,0.0,0.11986301,0.049760897,0.0982011,0.009643457,0.0,0.0,0.0,7.0,11.0,0.0,0.0,0.0,0.0,0.054182954,0.047736578,0.0939366,0.0,0.0,0.0,0.0,0.0,0.0,-0.0057803467,6.077411E-4,0.0,6.5217995E-5,0.007904053,0.115615845,0.069767445,0.5,0.0028737243,0.038677488,0.004788081,9.5936743E-4,5425496.5,2.4905342E7,1.627649E7,0.45032707,
2021-02-25 16:33:21 INFO  susman.cs.ncat.edu.dataset.Normalizer    0.9146338,0.24855492,0.0,0.53371066,0.0,0.25612316,0.7936508,0.6063051,0.06422178,0.0,0.0,0.0,0.0,1.347583E-6,1.3362978E-7,0.039230652,0.21015319,0.4962857,0.0,0.91464156,0.02688605,0.21169947,0.4962857,0.0,0.0,0.0,0.0,0.0,0.0,0.0,0.0,0.0,0.0,0.10080183,0.0,1.3362978E-7,0.0,0.8278146,0.25068492,0.256646,0.051271416,0.0026287583,0.0,0.0,0.0,0.0,0.0,0.0,0.0,0.0,0.0,0.2619873,0.6063051,0.0,0.0,0.0,0.0,0.0,0.0,0.0,0.0,0.012116838,0.0,0.0,1.5258789E-5,1.5258789E-5,1.0,0.2,0.008459389,1.8409291E-5,0.008460301,0.008458478,5425496.5,2.490534E7,1.627649E7,0.5412184,
2021-02-25 16:33:53 INFO  susman.cs.ncat.edu.dataset.Normalizer    0.8729887,0.23121387,0.0,0.5278991,0.0,0.57172847,0.32698414,0.64358383,0.36766338,0.0,0.0,0.0,0.0,1.3964944E-6,1.3045872E-7,0.04025273,0.119974814,0.29837796,9.713661E-5,0.8729961,0.027586512,0.120857574,0.29837796,6.6570894E-5,0.0,0.0,0.0,0.0,0.0,0.0,0.0,0.0,0.0,0.09392898,0.0,1.3045872E-7,0.0,0.3410596,0.559589,0.26736346,0.29373136,0.08627812,0.0,0.0,0.0,0.0,0.0,0.0,0.0,0.0,0.0,0.27337158,0.64358383,0.0,0.0,0.0,0.0,0.0,0.0,0.0,0.0,0.01283853,0.0,0.0,1.5258789E-5,1.5258789E-5,0.9302326,0.2,0.1560496,1.3702245,0.26679882,0.1006714,3255298.0,1.9291596E7,1.627649E7,0.060863115,
2021-02-25 16:33:53 INFO  susman.cs.ncat.edu.dataset.Normalizer    0.9916081,0.63583815,0.0,0.2108102,0.0,0.034989502,0.15873016,0.0949307,0.0,0.0,0.0,0.0,0.0,4.9096263E-7,3.1094302E-7,0.01662624,0.005584843,0.027052213,0.014126076,0.9916164,0.011394506,0.0056259353,0.027052213,0.009681062,0.0,0.0,0.0,0.0,0.0,0.0,0.0,0.0,0.0,0.25429553,0.0,3.1094302E-7,0.0,0.16556291,0.034246575,0.04007589,0.0,0.0,0.0,0.0,0.0,0.0,0.0,0.0,0.0,0.0,0.0,0.040361207,0.0949307,0.0,0.0,0.0,0.0,0.0,0.0,0.0,0.0,0.001899191,0.0,0.0,1.5258789E-5,1.5258789E-5,2.5581396,0.2,0.0,0.0,0.0,0.0,1.627649E7,0.0,1.627649E7,1.627649E7,
2021-02-25 16:33:53 INFO  susman.cs.ncat.edu.dataset.Normalizer    0.98317367,0.36416185,0.0,0.0,0.0,0.0,0.0,0.0,0.0,0.0,0.0,0.0,0.0,0.0,1.8082048E-7,0.028783023,0.012717285,0.036355894,0.0,0.98318195,0.019725947,0.012810857,0.036355894,0.0,0.0,0.0,0.0,0.0,0.0,0.0,0.0,0.0,0.0,0.0,0.0,1.8082048E-7,0.0,0.0,0.0,0.0,0.0,0.0,0.0,0.0,0.0,0.0,0.0,0.0,0.0,0.0,0.0,0.0,0.0,0.0,0.0,0.0,0.0,0.0,0.0,0.0,0.0,0.0,0.0,0.0,1.5258789E-5,1.5258789E-5,0.0,0.0,0.0,0.0,0.0,0.0,1.627649E7,0.0,1.627649E7,1.627649E7,
2021-02-25 16:34:16 INFO  susman.cs.ncat.edu.dataset.Normalizer    0.9532694,0.098265894,0.015414258,0.05439283,0.0017983515,0.08117565,0.114285715,0.1510453,0.037878785,0.41917807,0.11803278,0.1159446,0.25453746,2.5102918E-7,7.576272E-8,0.07032705,0.07723855,0.082375385,7.7234366E-4,0.9484677,0.070520945,0.06806947,0.082375385,5.2931235E-4,0.9078968,0.16392663,0.2988696,0.28693864,0.0031283668,0.0,0.0,0.0,0.0,0.041237112,0.0061585833,5.2451114E-8,3.4967407E-8,0.119205296,0.41917807,0.083476596,0.15359795,0.023592329,0.0,0.0,0.0,0.0,0.0,0.0,0.0,0.0,0.0,0.0865249,0.1510453,0.1159446,0.0,0.0,0.0,0.0,0.0,0.0,-0.0057803467,0.00208911,0.0,6.799323E-5,1.5258789E-5,1.5258789E-5,0.39534885,0.2,0.00928834,0.05293796,0.015695883,0.0068053226,1162606.5,1.1528934E7,1.627649E7,0.055002056,
2021-02-25 16:34:36 INFO  susman.cs.ncat.edu.dataset.Normalizer    0.5376459,0.011560693,0.0,0.0,0.0,0.0,0.0,0.0,0.0,0.0,0.0,0.0,0.0,0.0,1.5499683E-8,0.49580744,0.27433923,0.39054498,0.3323889,0.5376504,0.33979306,0.27635777,0.39054498,0.22779699,0.0,0.0,0.0,0.0,0.0,0.0,0.0,0.0,0.0,0.0,0.0,1.5499683E-8,0.0,0.0,0.0,0.0,0.0,0.0,0.0,0.0,0.0,0.0,0.0,0.0,0.0,0.0,0.0,0.0,0.0,0.0,0.0,0.0,0.0,0.0,0.0,0.0,0.0,0.0,0.0,0.0,1.5258789E-5,1.5258789E-5,0.0,0.0,0.0,0.0,0.0,0.0,5425496.5,2.4905342E7,1.627649E7,0.21805206,
2021-02-25 16:34:36 INFO  susman.cs.ncat.edu.dataset.Normalizer    0.7527495,0.01734104,0.0057803467,0.0025828998,0.0,0.024492653,0.0031746032,0.032276437,0.032200295,0.0,0.0,0.0,0.0,7.924172E-9,2.583125E-8,0.23139074,0.42320243,0.40975586,9.298678E-6,0.7513335,0.31655997,0.47833484,0.41070756,6.3726884E-6,0.7519449,0.47518978,0.0019918345,0.47580644,0.47457314,1.0,0.0,0.0,0.0,0.022909507,0.0080831405,1.4760714E-8,1.6605803E-8,0.0,0.023972603,0.009918783,0.022960328,5.2717666E-4,0.0,0.0,0.0,2.0,7.0,0.0,0.0,0.0,0.0,0.011314523,0.032276437,0.0,0.0,0.0,0.0,0.0,0.0,0.0,-0.0057803467,3.4185438E-4,0.0,0.0,0.007659912,0.007659912,0.069767445,0.5,0.0011241406,0.0075275307,0.0014967185,7.515626E-4,5425497.0,2.4905342E7,1.627649E7,0.45372656,
2021-02-25 16:35:02 INFO  susman.cs.ncat.edu.dataset.Normalizer    0.75077665,0.028901733,0.0057803467,0.005013864,7.2849885E-4,0.030790763,0.0,0.04176951,0.041840218,0.11986301,0.57377046,0.1252488,0.0,7.676269E-8,3.3298882E-8,0.17308822,0.37904236,0.40910566,5.3511205E-4,0.750783,0.18979682,0.45136997,0.40910566,7.930363E-4,0.75022876,0.47410527,4.0749222E-4,0.47423148,0.47397912,1.0,0.0,0.0,0.0,0.03436426,0.005773672,2.2199254E-8,1.664944E-8,0.0,0.11986301,0.056186397,0.103722356,0.010758326,0.0,0.0,0.0,6.0,9.0,0.0,0.0,0.0,0.0,0.062312417,0.04176951,0.1252488,0.0,0.0,0.0,0.0,0.0,0.0,-0.0057803467,5.317735E-4,0.0,8.048178E-5,0.007888794,0.11695862,0.046511628,0.5,0.0011863639,0.002312955,0.0013008444,0.0010718832,5425497.0,2.4905342E7,1.627649E7,0.452855,
2021-02-25 16:35:03 INFO  susman.cs.ncat.edu.dataset.Normalizer    0.009657642,0.08092485,0.021194605,0.1490485,0.009491299,1.0076977,0.0,0.49667743,0.86761075,1.0,0.0,0.44503987,0.88072795,9.7768316E-5,7.4782524E-6,7.124884E-4,0.0019189601,0.0028713844,0.0,0.009657724,8.7194925E-4,0.0024121106,0.0028738338,0.0,0.007745051,9.788933E-4,0.0035447206,0.0033377195,0.0,0.0,0.0,0.0,0.0,0.08934708,0.022324866,4.3143764E-6,4.7458143E-6,0.0,1.0,0.3195384,0.8222729,0.6761327,0.0,2.0,0.0,8.0,25.0,0.0,0.0,0.0,0.0,0.33120695,0.49667743,0.44503987,0.0,0.0,0.0,0.0,0.0,0.0,-0.0057803467,0.0056975726,0.0,3.6494323E-4,1.0,0.031341553,0.13953489,0.5,0.0,0.0,0.0,0.0,1.6276491E7,0.0,1.6276491E7,1.6276491E7,
2021-02-25 16:35:03 INFO  susman.cs.ncat.edu.dataset.Normalizer    0.009634675,0.06936416,0.01734104,0.08759069,0.009416369,0.97410774,0.0,0.3367849,0.6885281,1.0,0.0,0.5396434,0.88888603,8.277856E-5,6.3428356E-6,8.461834E-4,0.0020698707,0.002938428,1.7060386E-6,0.0096347565,0.001014855,0.0025530814,0.002939912,1.9592067E-6,0.007707972,0.0012177586,0.003791388,0.003411875,7.152226E-6,0.0,0.0,0.0,0.0,0.077892326,0.01847575,3.7480395E-6,3.892195E-6,0.0,1.0,0.31684348,0.81576717,0.66547614,0.0,2.0,0.0,7.0,21.0,0.0,0.0,0.0,0.0,0.33062512,0.3367849,0.5396434,0.0,0.0,0.0,0.0,0.0,0.0,-0.0057803467,0.0039503174,0.0,4.27386E-4,1.0,0.031341553,0.093023255,0.5,0.0,0.0,0.0,0.0,1.6276491E7,0.0,1.6276491E7,1.6276491E7,
2021-02-25 16:35:03 INFO  susman.cs.ncat.edu.dataset.Normalizer    0.75054854,0.028901733,0.0057803467,0.005013864,7.2849885E-4,0.030790763,0.0,0.04176951,0.041840218,0.11986301,0.57377046,0.1252488,0.0,7.6786016E-8,3.3309004E-8,0.17303562,0.3790736,0.4090918,4.252647E-4,0.75055486,0.18973914,0.4514509,0.4090918,7.210618E-4,0.7499439,0.47392523,3.369088E-4,0.47402957,0.47382092,1.0,0.0,0.0,0.0,0.03436426,0.005773672,2.2206E-8,1.66545E-8,0.0,0.11986301,0.056186397,0.103722356,0.010758326,0.0,0.0,0.0,6.0,9.0,0.0,0.0,0.0,0.0,0.062312417,0.04176951,0.1252488,0.0,0.0,0.0,0.0,0.0,0.0,-0.0057803467,5.317735E-4,0.0,8.048178E-5,0.007827759,0.11830139,0.046511628,0.5,0.0011046358,0.001287356,0.001168354,0.0010409176,5425497.0,2.4905344E7,1.6276491E7,0.4528572,
2021-02-25 16:35:38 INFO  susman.cs.ncat.edu.dataset.Normalizer    0.7505053,0.028901733,0.0057803467,0.005013864,7.2849885E-4,0.030790763,0.0,0.04176951,0.041840218,0.11986301,0.57377046,0.1252488,0.0,7.6790435E-8,3.331092E-8,0.17302567,0.37899968,0.40896577,4.7332578E-4,0.75051165,0.18972823,0.4513473,0.40896577,7.5052364E-4,0.74991363,0.4739061,1.8914118E-4,0.47396466,0.47384754,1.0,0.0,0.0,0.0,0.03436426,0.005773672,2.2207278E-8,1.6655457E-8,0.0,0.11986301,0.056186397,0.103722356,0.010758326,0.0,0.0,0.0,6.0,9.0,0.0,0.0,0.0,0.0,0.062312417,0.04176951,0.1252488,0.0,0.0,0.0,0.0,0.0,0.0,-0.0057803467,5.317735E-4,0.0,8.048178E-5,0.007873535,0.113601685,0.046511628,0.5,0.0011504934,4.5433553E-4,0.001172981,0.0011280059,5425497.0,2.4905344E7,1.6276491E7,0.45285138,
2021-02-25 16:35:54 INFO  susman.cs.ncat.edu.dataset.Normalizer    0.7296122,0.21965317,0.0,0.4753675,0.0,0.57172847,0.32698414,0.6092603,0.34707522,0.0,0.0,0.0,0.0,1.5046459E-6,1.4848084E-7,0.03541239,0.10532693,0.2974392,1.0010297E-4,0.7296184,0.024269268,0.10610191,0.2974392,6.860383E-5,0.0,0.0,0.0,0.0,0.0,0.0,0.0,0.0,0.0,0.08934708,0.0,1.4848084E-7,0.0,0.3410596,0.559589,0.25323957,0.27671543,0.07657143,0.0,0.0,0.0,0.0,0.0,0.0,0.0,0.0,0.0,0.25924647,0.6092603,0.0,0.0,0.0,0.0,0.0,0.0,0.0,0.0,0.012154822,0.0,0.0,1.5258789E-5,1.5258789E-5,0.88372093,0.2,0.070038885,0.589581,0.09922042,0.04085735,2712748.5,1.7610738E7,1.6276491E7,0.060860805,
2021-02-25 16:35:54 INFO  susman.cs.ncat.edu.dataset.Normalizer    0.9814592,0.3815029,0.0,0.0,0.0,0.0,0.0,0.0,0.0,0.0,0.0,0.0,0.0,0.0,1.8962712E-7,0.027426794,0.016854206,0.03998776,0.0,0.9814675,0.01879648,0.016978217,0.03998776,0.0,0.0,0.0,0.0,0.0,0.0,0.0,0.0,0.0,0.0,0.0,0.0,1.8962712E-7,0.0,0.0,0.0,0.0,0.0,0.0,0.0,0.0,0.0,0.0,0.0,0.0,0.0,0.0,0.0,0.0,0.0,0.0,0.0,0.0,0.0,0.0,0.0,0.0,0.0,0.0,0.0,0.0,1.5258789E-5,1.5258789E-5,0.0,0.0,0.0,0.0,0.0,0.0,1.6276491E7,0.0,1.6276491E7,1.6276491E7,
2021-02-25 16:35:54 INFO  susman.cs.ncat.edu.dataset.Normalizer    0.991669,0.65317917,0.0,0.21650776,0.0,0.034989502,0.15873016,0.0949307,0.0,0.0,0.0,0.0,0.0,5.0420095E-7,3.1932728E-7,0.016185831,0.0041698143,0.018648751,0.013810935,0.9916774,0.01109268,0.0042004953,0.018648751,0.009465085,0.0,0.0,0.0,0.0,0.0,0.0,0.0,0.0,0.0,0.2611684,0.0,3.1932728E-7,0.0,0.16556291,0.034246575,0.04007589,0.0,0.0,0.0,0.0,0.0,0.0,0.0,0.0,0.0,0.0,0.0,0.040351722,0.0949307,0.0,0.0,0.0,0.0,0.0,0.0,0.0,0.0,0.001899191,0.0,0.0,1.5258789E-5,1.5258789E-5,2.627907,0.2,0.0,0.0,0.0,0.0,1.6276491E7,0.0,1.6276491E7,1.6276491E7,
2021-02-25 16:36:04 INFO  susman.cs.ncat.edu.dataset.Normalizer    0.0026743272,0.011560693,0.0,0.0,0.0,0.0,0.0,0.0,0.0,0.0,0.0,0.0,0.0,0.0,3.116051E-6,0.0024662171,0.0037301742,0.002777434,2.442248E-4,0.00267435,0.0016901792,0.0037576202,0.002777434,1.6737524E-4,0.0,0.0,0.0,0.0,0.0,0.0,0.0,0.0,0.0,0.0,0.0,3.116051E-6,0.0,0.0,0.0,0.0,0.0,0.0,0.0,0.0,0.0,0.0,0.0,0.0,0.0,0.0,0.0,0.0,0.0,0.0,0.0,0.0,0.0,0.0,0.0,0.0,0.0,0.0,0.0,0.0,1.5258789E-5,1.5258789E-5,0.0,0.0,0.0,0.0,0.0,0.0,1.627649E7,0.0,1.627649E7,1.627649E7,
2021-02-25 16:36:39 INFO  susman.cs.ncat.edu.dataset.Normalizer    0.9180656,0.25433525,0.0,0.5463972,0.0,0.25612316,0.7936508,0.6069236,0.06360105,0.0,0.0,0.0,0.0,1.3744585E-6,1.3615596E-7,0.0384829,0.2092425,0.502658,0.0,0.91807336,0.02637359,0.21078207,0.502658,0.0,0.0,0.0,0.0,0.0,0.0,0.0,0.0,0.0,0.0,0.10309278,0.0,1.3615596E-7,0.0,0.8278146,0.25068492,0.25688645,0.05077679,0.0025782823,0.0,0.0,0.0,0.0,0.0,0.0,0.0,0.0,0.0,0.2621033,0.6069236,0.0,0.0,0.0,0.0,0.0,0.0,0.0,0.0,0.012116838,0.0,0.0,1.5258789E-5,1.5258789E-5,1.0232558,0.2,0.004946234,0.071318604,0.008476175,0.0014162931,5425497.5,2.4905344E7,1.6276491E7,0.54143894,
2021-02-25 16:36:39 INFO  susman.cs.ncat.edu.dataset.Normalizer    0.9492145,0.08092485,0.009633912,0.04664413,5.161935E-4,0.069979005,0.114285715,0.15543321,0.023161538,0.15616438,0.11803278,0.053248633,0.11054358,1.4786015E-7,5.8527977E-8,0.09214196,0.072596,0.082401484,0.0044442303,0.9492225,0.08570073,0.043239433,0.082401484,0.0071788807,0.7237333,0.22868076,0.2628387,0.2870882,0.05606866,0.0,0.0,0.0,0.0,0.03436426,0.0038491148,4.3895984E-8,2.1947992E-8,0.119205296,0.15616438,0.064274095,0.05557768,0.0030888787,0.0,0.0,0.0,0.0,0.0,0.0,0.0,0.0,0.0,0.067361414,0.15543321,0.053248633,0.0,0.0,0.0,0.0,0.0,0.0,-0.0057803467,0.002317013,0.0,2.4977104E-5,1.5258789E-5,1.5258789E-5,0.3255814,0.2,0.02711336,0.57010764,0.08697052,0.006785277,1252037.9,1.196414E7,1.6276491E7,0.084198676,
2021-02-25 16:36:39 INFO  susman.cs.ncat.edu.dataset.Normalizer    0.9950639,0.0057803467,0.0,0.0,0.0,0.0,0.0,0.0,0.0,0.0,0.0,0.0,0.0,0.0,5.5831193E-9,1.8352605,0.0,1.0872626,1.8352605,0.99507236,1.257764,0.0,1.0872626,1.257764,0.0,0.0,0.0,0.0,0.0,0.0,0.0,0.0,0.0,0.0,0.0,5.5831193E-9,0.0,0.0,0.0,0.0,0.0,0.0,0.0,0.0,0.0,0.0,0.0,0.0,0.0,0.0,0.0,0.0,0.0,0.0,0.0,0.0,0.0,0.0,0.0,0.0,0.0,0.0,0.0,0.0,1.5258789E-5,1.5258789E-5,0.0,0.0,0.0,0.0,0.0,0.0,8138245.5,3.0502688E7,1.627649E7,1.2039582,
2021-02-25 16:36:49 INFO  susman.cs.ncat.edu.dataset.Normalizer    0.13861345,0.011560693,0.0,0.0,0.0,0.0,0.0,0.0,0.0,0.0,0.0,0.0,0.0,0.0,6.011928E-8,0.12782685,0.21069269,0.15008162,0.002321319,0.13861462,0.08760393,0.21224295,0.15008162,0.0015908758,0.0,0.0,0.0,0.0,0.0,0.0,0.0,0.0,0.0,0.0,0.0,6.011928E-8,0.0,0.0,0.0,0.0,0.0,0.0,0.0,0.0,0.0,0.0,0.0,0.0,0.0,0.0,0.0,0.0,0.0,0.0,0.0,0.0,0.0,0.0,0.0,0.0,0.0,0.0,0.0,0.0,1.5258789E-5,1.5258789E-5,0.0,0.0,0.0021502587,0.0,0.0021502587,0.0021502587,8138245.5,3.0502692E7,1.627649E7,0.16618982,
2021-02-25 16:36:49 INFO  susman.cs.ncat.edu.dataset.Normalizer    0.24611507,0.10404624,0.0,0.0,0.0,0.0,0.0,0.0,0.0,0.0,0.0,0.0,0.0,0.0,2.1444366E-7,0.025218107,0.051704932,0.097925685,0.0,0.24611716,0.017282793,0.052085366,0.097925685,0.0,0.0,0.0,0.0,0.0,0.0,0.0,0.0,0.0,0.0,0.0,0.0,2.1444366E-7,0.0,0.0,0.0,0.0,0.0,0.0,0.0,0.0,0.0,0.0,0.0,0.0,0.0,0.0,0.0,0.0,0.0,0.0,0.0,0.0,0.0,0.0,0.0,0.0,0.0,0.0,0.0,0.0,1.5258789E-5,1.5258789E-5,0.0,0.0,0.08772596,1.6552312,0.16965225,0.0057996702,5425496.5,2.4905344E7,1.627649E7,0.06509054,
2021-02-25 16:36:49 INFO  susman.cs.ncat.edu.dataset.Normalizer    0.13877864,0.01734104,0.0,0.0,0.0,0.0,0.0,0.0,0.0,0.0,0.0,0.0,0.0,0.0,8.006362E-8,0.08531947,0.17539544,0.15162289,1.0128643E-5,0.13877982,0.05847222,0.17668597,0.15162289,6.9414905E-6,0.0,0.0,0.0,0.0,0.0,0.0,0.0,0.0,0.0,0.0,0.0,8.006362E-8,0.0,0.0,0.0,0.0,0.0,0.0,0.0,0.0,0.0,0.0,0.0,0.0,0.0,0.0,0.0,0.0,0.0,0.0,0.0,0.0,0.0,0.0,0.0,0.0,0.0,0.0,0.0,0.0,1.5258789E-5,1.5258789E-5,0.0,0.0,1.3197798E-5,0.0,1.3197798E-5,1.3197798E-5,8138245.5,3.0502692E7,1.627649E7,0.16789652,
2021-02-25 16:36:49 INFO  susman.cs.ncat.edu.dataset.Normalizer    0.1387667,0.0057803467,0.0,0.0,0.0,0.0,0.0,0.0,0.0,0.0,0.0,0.0,0.0,0.0,4.0035253E-8,0.25593638,0.0,0.15162429,0.25593638,0.13876788,0.17540157,0.0,0.15162429,0.17540157,0.0,0.0,0.0,0.0,0.0,0.0,0.0,0.0,0.0,0.0,0.0,4.0035253E-8,0.0,0.0,0.0,0.0,0.0,0.0,0.0,0.0,0.0,0.0,0.0,0.0,0.0,0.0,0.0,0.0,0.0,0.0,0.0,0.0,0.0,0.0,0.0,0.0,0.0,0.0,0.0,0.0,1.5258789E-5,1.5258789E-5,0.0,0.0,0.0,0.0,0.0,0.0,8138245.5,3.0502692E7,1.627649E7,0.16789807,
2021-02-25 16:36:49 INFO  susman.cs.ncat.edu.dataset.Normalizer    0.13885844,0.0057803467,0.0,0.0,0.0,0.0,0.0,0.0,0.0,0.0,0.0,0.0,0.0,0.0,4.0008807E-8,0.25610557,0.0,0.15172452,0.25610557,0.13885961,0.17551751,0.0,0.15172452,0.17551751,0.0,0.0,0.0,0.0,0.0,0.0,0.0,0.0,0.0,0.0,0.0,4.0008807E-8,0.0,0.0,0.0,0.0,0.0,0.0,0.0,0.0,0.0,0.0,0.0,0.0,0.0,0.0,0.0,0.0,0.0,0.0,0.0,0.0,0.0,0.0,0.0,0.0,0.0,0.0,0.0,0.0,1.5258789E-5,1.5258789E-5,0.0,0.0,0.0,0.0,0.0,0.0,8138245.5,3.0502692E7,1.627649E7,0.16800906,
2021-02-25 16:36:49 INFO  susman.cs.ncat.edu.dataset.Normalizer    0.14080589,0.011560693,0.0,0.0,0.0,0.0,0.0,0.0,0.0,0.0,0.0,0.0,0.0,0.0,5.9183186E-8,0.12984869,0.2127045,0.15198936,0.0031447515,0.14080708,0.08898955,0.21426953,0.15198936,0.002155201,0.0,0.0,0.0,0.0,0.0,0.0,0.0,0.0,0.0,0.0,0.0,5.9183186E-8,0.0,0.0,0.0,0.0,0.0,0.0,0.0,0.0,0.0,0.0,0.0,0.0,0.0,0.0,0.0,0.0,0.0,0.0,0.0,0.0,0.0,0.0,0.0,0.0,0.0,0.0,0.0,0.0,1.5258789E-5,1.5258789E-5,0.0,0.0,0.0,0.0,0.0,0.0,8138245.5,3.0502692E7,1.627649E7,0.16830231,
2021-02-25 16:36:59 INFO  susman.cs.ncat.edu.dataset.Normalizer    0.7484251,0.011560693,0.007707129,0.0014054013,4.3016124E-5,0.024492653,0.0031746032,0.023416238,0.03407995,0.021232877,0.0,0.0055467323,0.019954873,7.969959E-9,2.5980505E-8,0.23006144,0.41473264,0.40976998,9.1296115E-6,0.7480038,0.47273558,0.0043836064,0.41018766,0.47095913,0.73929363,0.3114632,0.6153629,0.47457397,4.894482E-4,0.0,0.0,0.0,0.0,0.01718213,0.010007698,1.1134501E-8,2.2269003E-8,0.0,0.023972603,0.006913091,0.02089858,4.3675068E-4,0.0,0.0,0.0,2.0,7.0,0.0,0.0,0.0,0.125,0.00788588,0.023416238,0.0055467323,0.0,0.0,0.0,0.0,0.0,0.0,-0.0057803467,1.899191E-4,0.0,5.5504674E-6,0.007751465,0.007659912,0.046511628,0.5,0.008191127,0.15212704,0.015720712,6.6154136E-4,5425497.5,2.4905346E7,1.6276491E7,0.43967253,
2021-02-25 16:36:59 INFO  susman.cs.ncat.edu.dataset.Normalizer    0.75055856,0.028901733,0.0057803467,0.005013864,7.2849885E-4,0.030790763,0.0,0.04176951,0.041840218,0.11986301,0.57377046,0.1252488,0.0,7.6784985E-8,3.3308556E-8,0.17303795,0.37898493,0.40909716,4.099257E-4,0.75056493,0.18974169,0.45131725,0.40909716,7.2035607E-4,0.7500773,0.47400954,9.4010896E-4,0.47430056,0.4737185,1.0,0.0,0.0,0.0,0.03436426,0.005773672,2.2205702E-8,1.6654278E-8,0.0,0.11986301,0.056186397,0.103722356,0.010758326,0.0,0.0,0.0,6.0,9.0,0.0,0.0,0.0,0.0,0.062312417,0.04176951,0.1252488,0.0,0.0,0.0,0.0,0.0,0.0,-0.0057803467,5.317735E-4,0.0,8.048178E-5,0.007858276,0.11494446,0.046511628,0.5,0.0011934326,0.0044405223,0.0014132179,9.736472E-4,5425497.5,2.4905346E7,1.6276491E7,0.45269543,
